10138	38519,38523,38531,39278,39317,44228,
10154	10155,10156,10157,10158,10159,10160,10161,10162,10163,8639,
10155	10154,10160,10161,10162,10163,6296,8639,
10156	10158,10154,10160,10161,10162,10163,6296,8639,
10158	10156,10159,10154,10160,10161,10162,10163,6296,8639,
10159	10158,10154,10160,10161,10162,10163,6296,8639,
10160	10154,10155,10156,10157,10158,10159,10161,10162,10163,8639,
10259	14035,36151,40235,40236,48453,
10265	1083,1280,1287,13073,32476,32477,32485,40999,49716,49990,
10272	13792,14435,23594,25187,25208,43384,44823,6108,
10288	31142,
10321	47224,10319,3594,29596,47197,7340,
10325	40634,
10335	15089,15106,19260,
10337	16235,24381,36311,36314,
10338	22090,45410,
10344	10266,10278,10292,20190,24903,2608,28608,6022,
10348	10164,30473,
10354	10164,
10355	12647,23585,23615,32401,5490,
10358	30827,4104,48302,4840,5142,576,
10365	
1037	20247,26167,43459,934,952,970,
10372	
10388	10384,
1039	1049,951,987,1047,11782,23165,31355,41684,
10391	10384,
10396	15999,26279,26645,42773,4297,4299,49034,5369,6928,
10409	22954,23532,
10414	10241,10279,6022,
10415	
1042	1049,951,987,1047,11782,23165,31355,41684,
10420	15989,20845,21415,21586,680,739,8192,
10428	17154,18968,
10431	28241,39650,5964,
10440	
10457	14024,
1050	12790,48976,7012,934,
1053	21553,2668,2689,29479,29490,43696,
1054	15278,1814,941,942,943,945,
1055	3129,934,942,
10952	44715,44717,44720,44722,44725,44726,44727,44729,44731,
11479	11477,11478,11480,3376,3377,
11534	11217,13095,31226,3196,4752,
11590	11591,11592,11593,11594,11595,11596,11597,9654,
11593	11590,11591,11592,11594,11595,11596,11597,9654,
11597	11590,11591,11592,11593,11594,11595,11596,9654,
11830	
11831	11832,
11832	11831,
11870	11622,11635,14325,21940,22161,25939,42514,
11873	11875,150,11876,149,30040,3436,95,99,
11874	115,11875,11876,150,
11902	10903,21688,30819,30852,42475,5262,7649,
12085	12078,12089,12088,12091,12076,12092,12096,2409,32231,
12185	12182,12184,
12504	12510,11303,12505,12507,12508,12509,2437,
12505	11303,12504,12506,12507,12508,12509,12510,2437,
12506	11303,12505,12507,12508,12509,2437,
12508	11303,12504,12505,12506,12507,12509,12510,2437,
12509	11303,12504,12505,12506,12507,12508,12510,2437,
12510	12504,11303,12505,12507,12508,12509,2437,
12791	
12794	12820,48281,48285,48287,48289,
12802	12633,13746,17290,2249,30721,31145,31161,31171,8354,
12814	
12820	12794,48281,48285,48287,48289,
12824	12718,12766,12776,12795,2249,28528,
12965	12963,12964,12966,12967,12969,12970,12971,12972,12973,30485,
12968	12974,12963,12964,12966,12967,12969,12970,12971,12972,12973,
1315	1929,
1316	1932,
13169	27542,27640,38082,41616,42229,7751,9714,
13184	13072,13074,13077,13114,13151,31300,
13526	12975,13009,15497,6296,
13546	13426,13454,13433,13452,13480,13514,13528,13553,23445,27913,
13555	13426,
13720	
13724	13725,13726,13727,13728,13729,13730,
13727	13724,13725,13726,13728,13729,13730,
13738	13732,13733,13734,13735,13736,13737,13739,13740,13741,13742,
13745	13744,13746,13747,13748,13749,13750,13751,13752,13753,13754,
13751	13744,13745,13746,13747,13748,13749,13750,13752,13753,13754,
13753	13744,13745,13746,13747,13748,13749,13750,13751,13752,13754,
13892	8959,8963,8979,8983,
14035	10259,36151,40235,40236,48453,
14249	1,3091,
14254	14251,14252,14253,14255,
14255	14251,14252,14253,14254,
14256	3748,12351,2559,2615,27312,30870,31300,32644,4774,7383,
14257	14258,14259,14260,14261,14262,14263,44589,4781,7369,
14258	14257,14260,14261,4781,
14259	14257,14260,14261,4781,
14262	14257,14260,14261,4781,
14263	14257,14260,14261,4781,
14367	11218,13422,14274,14379,16670,30870,4717,49100,5097,7630,
14572	12352,24269,
14574	14575,14576,24269,
14575	14573,14574,14576,
1466	1472,1358,1470,1370,1455,1471,20209,23518,27020,7364,
1467	1472,1358,1470,1370,1455,1471,20209,23518,27020,7364,
1473	
1474	
1475	13105,1347,2009,20459,7712,8277,8509,
1480	15704,21337,21417,2535,26071,30324,9977,
14866	14860,14861,14862,14863,14864,14865,33521,
14975	34740,45340,45354,
15015	
15016	
15060	15055,15056,15057,15058,15061,15059,26551,
15066	1031,10824,10828,10840,14996,15067,44815,45238,46646,624,
15068	18058,33316,3548,39125,448,46505,6020,
15077	
15078	
15079	1431,14885,22990,23132,23447,36387,47613,49402,5300,
15081	15085,1431,14885,15084,23132,36387,47613,49402,5300,
15082	15083,15085,1431,14885,15084,23132,36387,47613,49402,5300,
15084	15080,15081,15082,15083,15085,15086,
15351	
15352	
15444	15769,15772,15773,15776,15779,17732,
15446	15445,
15603	13188,13200,15496,15523,15530,15604,15605,15606,37830,
15604	15530,15551,15603,15605,15606,
15605	15530,15551,15603,15604,15606,
15606	15530,15551,15603,15604,15605,
15607	15496,1237,13188,13200,15523,19021,22477,25181,37830,40204,
15616	15611,15612,15613,15614,15615,15617,
15617	15611,15612,15613,15614,15615,15616,
15619	15620,15621,15622,15623,15624,15625,15626,
15621	15619,15620,15622,15623,15624,15625,15626,
15782	17698,36357,5869,8061,
15785	
15791	15790,3947,6168,
15814	15811,15816,15817,6019,1808,29526,43262,5236,
15815	15813,15811,15816,15817,6019,29526,43262,
16016	16023,16015,16018,16019,16021,16022,
16017	16020,16015,16018,16019,16021,16022,
16018	16015,16016,16017,16019,16020,16021,16022,16023,
16020	16017,16015,16018,16019,16021,16022,16023,
16023	16016,16015,16018,16019,16020,16021,16022,
16025	16026,16027,16029,16030,2647,
16028	16026,16027,16029,16030,2647,
16152	16147,16151,16154,16155,2019,24786,30749,8320,942,
16153	16149,16150,16147,16151,16154,16155,24904,
16155	16147,16149,16150,16151,16152,16153,16154,
16159	16157,16158,16160,16161,23860,26431,30800,31448,32496,
16161	14689,16157,16158,16159,16160,22068,25327,47804,47831,
16168	16163,16165,16166,16170,16171,16172,29355,8303,
16169	16164,16167,16163,16165,16166,16170,16171,16172,
16170	16163,16164,16165,16166,16167,16168,16169,16171,16172,
16171	16163,16164,16165,16166,16167,16168,16169,16170,16172,
16190	
16191	
16287	6650,20585,23809,25790,6573,7639,
16290	16293,23809,25790,6650,7639,
16291	16289,16293,23809,6650,7639,
16292	16288,16289,16293,
16294	12792,1356,15041,15051,35991,37875,44764,4516,6523,
16297	16298,12792,1356,15041,15051,35991,37875,44764,4516,6523,
16298	16297,1356,16295,4516,
16301	16300,16302,16303,49587,8500,
16302	16300,16301,16303,49587,8500,
16303	16300,16301,16302,49587,8500,
16327	16324,16325,16326,
16468	16469,16472,1366,1617,16466,16470,16471,1797,6979,7511,
16469	16468,16472,1366,1617,16466,16470,16471,1797,6979,7511,
16473	16472,1366,1617,16466,16470,16471,1797,6979,7511,
16535	16532,16533,16534,
16547	16597,16571,16572,16577,16578,1507,16584,16596,1933,29898,
16549	16602,16603,16605,16604,16577,1507,16584,16596,1933,29898,
16550	16548,16578,16580,1507,16584,16596,1933,
16552	16571,16572,16577,16578,1507,16584,16596,1933,29898,
16556	16581,16587,16586,16580,16585,1507,16584,16596,1933,29898,
16752	17699,
16754	16761,16781,16784,16771,16778,16764,16777,16786,16785,16773,
16758	16759,16763,16781,16771,16778,16783,16764,16786,16785,16773,
16762	16778,16781,16784,16777,16783,16764,16786,16785,
16772	16764,16785,16773,17699,
16776	16788,16777,16781,16784,16764,16783,16786,16785,16773,17699,
16794	16791,16793,16795,16796,16797,16798,16799,16800,18820,5924,
16804	10737,1613,16801,16803,20080,3133,318,39093,87,
17074	19477,29031,
17075	17076,17077,17078,17079,
17076	17075,17077,17078,17079,
17077	17075,17076,17078,17079,
17078	17075,17076,17077,17079,
17100	17095,17096,17097,17098,17099,17101,17102,17103,767,
17177	11093,33443,
17283	17180,17202,
17287	17175,17180,17190,39916,40018,
1737	1740,13015,14432,30782,34287,45308,5110,861,
1738	14439,35931,
17383	17380,17382,401,17377,17384,17385,17386,
1739	14439,35931,
1740	1737,32486,35882,35900,35912,43989,
17597	1387,28810,28847,43010,812,
17598	1387,28810,28847,43010,812,
17608	1397,17602,17603,17604,17605,17606,17607,5307,7012,
17613	13147,17610,17611,17612,17614,17615,17616,17617,17618,
17637	17634,17635,17636,17638,17639,23520,
17638	17634,17635,17636,17637,17639,23520,
17685	17688,17690,17692,17687,17689,
17688	17685,17690,17691,17687,17689,17692,
17691	17688,17690,17687,17689,
17692	17685,17686,17687,17688,17689,17690,
17715	17717,
17716	12594,18096,30568,41805,
17720	17718,17719,3798,3801,3814,3823,3835,3840,3841,3867,
17724	17721,17723,
17734	12924,14484,15703,15769,17732,17733,17735,17736,17737,
17844	2983,35189,45430,
17845	1397,17113,17847,1810,23858,32864,40813,73,
17866	13376,15238,17200,17582,40642,6553,
17867	39626,
17997	17991,17992,17993,17994,17995,17996,17998,7293,8302,909,
18037	13076,18038,18039,18040,18322,26773,26790,26801,
18041	12626,22535,43098,5588,7704,
18076	10165,16793,18071,18072,18073,18074,18075,
18077	
18078	18079,
18079	18078,
18141	2185,
18142	18143,18144,18145,20584,21178,2118,29078,30947,8433,9166,
18143	18142,18144,18145,
18144	18142,18143,18145,
18145	18142,18143,18144,
18227	18224,18225,18226,7858,
18233	
18234	18251,18236,18254,18256,
18235	18254,18256,
18237	18254,18256,
18238	18247,18251,18236,18254,18256,
18239	18254,
18240	18255,18251,18254,18256,
18241	18255,18254,18256,
18242	18255,18254,18256,
18243	18236,18256,
18244	18256,
18245	18236,
18246	18247,18251,18254,18256,
18247	18238,18246,18255,18251,18236,18254,18256,
18248	18255,18251,18236,18254,18256,
18249	18255,18251,18236,18254,18256,
18250	18251,18236,18254,18256,
18252	18253,18251,18236,18254,18256,
18253	18252,18255,18251,18236,18254,18256,
18257	18236,18254,18256,
18370	13814,24099,30214,
18371	10164,1083,25006,25144,6143,
18427	14577,14579,
18428	14587,18429,18430,18431,
18429	14587,18428,18430,18431,
18430	14587,18428,18429,18431,
18431	14577,14581,14585,14587,18428,18429,18430,
18466	
18467	18492,18475,
18469	18468,18474,18492,18475,
18471	18474,18475,
18472	18492,18475,
18473	18468,18493,18491,18494,18496,18495,18492,18475,
18476	18474,18475,
18477	18491,18494,18496,18495,18492,18475,
18478	18475,
18479	18493,18491,18494,18496,18495,18492,18475,
18480	18486,18487,18490,18475,
18481	18492,18475,
18482	18495,18492,18475,
18483	18493,18491,18494,18496,18495,18492,18475,
18484	18470,18475,
18485	18468,18470,18474,18475,
18486	18480,18489,18487,18490,18470,18492,18475,
18487	18480,18489,18486,18490,18491,18494,18496,18495,18492,18475,
18488	18470,18490,18493,18491,18494,18496,18495,18492,18475,
18489	18486,18487,18490,18492,18475,
18493	18473,18479,18483,18488,18468,18470,18474,18475,
18538	17204,18535,18536,18537,1979,
18554	18552,18553,
18836	18013,31011,39167,40185,41391,42339,4509,
18837	18838,18839,
18839	18837,18838,
18870	20743,30486,16622,30473,
18891	
18893	18907,18901,18892,
18894	18901,18892,
18895	
18896	18901,18892,
18897	18901,18892,
18898	18892,
18899	18892,
18900	18892,
18901	18893,18894,18896,18897,18906,18908,18907,18909,18892,
18902	
18903	18907,18892,
18904	18909,
18905	18909,
18906	18901,18892,
18907	18893,18903,18901,18892,
18908	18901,18892,
18909	18904,18905,18901,18892,
18927	18963,30492,30493,30494,40748,41367,
18929	13808,15545,1825,18963,19255,33014,40748,41367,41587,79,
18953	14538,14542,17477,21928,24563,25815,28033,43327,
18955	18954,18956,
18956	14538,14542,17477,18955,21928,24563,25815,28033,43327,
18957	
18958	
18959	
18960	33917,
18969	18963,18964,18965,18966,18967,18968,18970,
19133	19009,19204,19027,19129,
19135	117,135,18080,19009,19095,19111,19114,19212,
19148	24689,7458,
19153	22495,29785,30305,32054,32294,35617,42034,4452,456,7758,
19155	
19158	19183,19009,19019,19043,19193,24565,49826,
19160	19009,19019,19043,19195,24565,2882,49826,
19164	
19171	19159,21339,23569,25032,2720,31337,
19174	19027,19152,19193,2882,49826,
19175	19027,19152,19193,2882,49826,
19178	19009,19052,19204,19212,4516,47234,
19179	19188,19009,19019,19043,19193,24565,2882,
19189	19204,
19191	2501,3032,41467,
19199	19208,19203,
19200	
19201	19207,19203,19208,
19203	19207,19199,19201,
19207	19201,19203,
19208	19199,19201,
19209	23441,47525,6165,
1929	1110,1315,2407,44367,
1931	1930,1932,34297,44358,7426,
1932	1316,1930,1931,
19320	14691,19036,19321,19322,19323,19324,19325,19326,19327,7458,
19321	19320,19323,19324,19325,19326,
19322	19327,19320,19323,19324,19325,19326,
19323	19320,19321,19322,19324,19325,19326,19327,20473,22954,27260,
19327	19322,19320,19323,19324,19325,19326,
19575	16477,19441,19481,19573,20504,
19581	19557,30968,39475,45407,7057,7337,
19587	1355,19489,19573,23726,29935,32748,7038,
19730	19594,19612,19641,19652,19681,19685,19686,19736,27295,437,
19800	19797,19799,19801,19802,19803,19804,19805,19806,19807,
19801	19797,19799,19800,19803,19804,19805,19807,26358,33446,
19802	19806,19797,19799,19800,19803,19804,19805,19807,
19803	19797,19799,19800,19801,19802,19804,19805,19806,19807,
19804	19797,19799,19800,19801,19802,19803,19805,19806,19807,
19805	19797,19799,19800,19801,19802,19803,19804,19806,19807,
19807	19797,19799,19800,19801,19802,19803,19804,19805,19806,
200	10681,149,150,160,25740,30249,95,99,
20079	12062,19878,24951,49743,7458,
20194	27744,28221,28236,32141,32236,
20197	28236,19358,20198,23974,26853,28221,32141,32236,
20198	20195,20196,20197,
20552	17888,18333,18594,35698,7699,8795,9573,
20559	18294,20458,
20570	25311,
20606	11417,18294,20458,20568,20583,20600,3762,41598,44891,
20607	25328,
20611	10515,14372,20582,20885,2782,28614,3435,45992,972,
20773	17218,20770,20771,20772,20774,20775,20776,
20777	46214,
20778	2668,2720,28535,28943,29264,29458,43620,46165,4657,
20816	49405,
20817	20818,20819,
20819	20817,20818,
20860	13523,20861,20864,22830,24330,28324,36306,4161,
20863	20862,20866,20867,13523,20861,20864,22830,24330,36306,4161,
20866	20862,20863,13523,20861,20864,22830,24330,36306,4161,
20867	20862,20863,13523,20861,20864,22830,24330,36306,4161,
21090	10817,21092,21093,21094,8154,
21093	10817,21088,21089,21090,21091,21094,8154,
21236	14867,
21250	11370,13077,13212,17027,17029,17032,17033,17035,21,
21318	35903,
21319	21327,21323,21322,21320,21334,35903,
21321	21332,21320,21334,
21324	21320,21334,35903,
21325	21327,21323,21322,21320,21334,35903,
21326	21323,21322,21320,21334,35903,
21327	21319,21325,21331,21332,21323,21322,21320,21334,
21328	21333,21331,21332,21320,21334,
21329	21323,21322,21320,21334,35903,
21330	21323,21322,21320,21334,35903,
21331	21328,21327,21323,21322,21320,21334,35903,
21333	21328,21322,21320,21334,35903,
21466	12005,21463,21464,21465,21467,21468,8082,9123,
21579	20056,20069,23508,33621,
21661	21654,21658,21653,21655,21660,21665,20869,21666,
21667	21651,21652,21671,20869,21666,
217	111,13207,19312,2591,
21956	38349,10549,11689,38351,38356,8003,8004,
22015	17700,22014,22016,22017,22018,22019,7332,
22017	17700,22015,22016,22018,22019,32204,33464,7332,
22019	17700,22014,22015,22016,22017,22018,7332,
22187	11551,14264,18526,18529,22182,23179,24424,28112,30507,31122,
22406	1470,1471,41791,4486,
22415	22434,22407,22412,22411,1470,1471,22428,41791,4486,
22416	22418,22435,22432,22411,1470,1471,22428,41791,
22419	22424,22414,22408,22411,1470,1471,22428,41791,4486,
22425	22412,22414,22408,22411,1470,1471,22428,41791,4486,
22429	22412,22414,22408,22411,1470,1471,22428,41791,4486,
22433	22412,22408,1456,1472,22411,1469,22428,41791,4486,
22454	
22455	
22497	22495,22496,22498,
22750	22754,16181,22749,22751,22753,22755,22756,22757,22758,
22751	16181,22749,22750,22752,22753,22754,22755,22756,22757,22758,
22752	1453,16181,22749,22751,22753,22755,22756,22757,22758,
22753	16181,22749,22750,22751,22752,22754,22755,22756,22757,22758,
22755	16181,22749,22750,22751,22752,22753,22754,22756,22757,22758,
22758	16181,22749,22750,22751,22752,22753,22754,22755,22756,22757,
22762	17948,27883,32253,33076,33971,38149,48592,7811,
22765	22769,22764,22767,22768,22770,27883,38149,
22766	22769,22764,22767,22768,22770,27883,38149,
22768	22763,22764,22765,22766,22767,22769,22770,22771,
2277	13185,14287,19446,19846,2187,23726,27312,30729,30749,30870,
22770	22763,22764,22765,22766,22767,22768,22769,22771,
22771	17948,22767,22768,22770,27883,33076,33971,38149,48592,7811,
22818	
22819	
22823	22495,
22825	22495,
22897	
22898	22899,22900,
22899	22898,
22900	22898,
2299	21077,2130,2251,2252,2253,27388,30185,44452,5265,88,
23011	16184,9891,
23021	
23026	22934,42408,
23033	12536,47458,6725,6739,
23057	
23058	1404,15648,17765,22502,22962,34340,49112,7463,9933,
23086	12650,1782,23569,25187,3880,42556,4439,8671,
231	95,
23130	41874,15086,1894,20354,36132,43849,47809,
23147	16388,1694,1918,26329,26347,28006,3985,43446,43820,89,
23152	23148,16388,1918,23153,23155,23157,26329,26347,89,
23154	23149,23150,23151,23156,23158,23159,23148,23153,23155,23157,
23158	23150,23154,23156,23159,16388,1694,1918,23153,23155,23157,
23159	23149,23150,23151,23154,23156,23158,23148,23153,23155,23157,
23161	19542,26870,30329,
23244	10309,10748,14341,23382,25332,26069,26402,4302,4755,9386,
23253	14347,23250,23251,23252,9386,
23620	27086,
23707	23703,23704,23705,23706,23708,23709,23710,23711,
23710	23703,23704,23705,23706,23707,23708,23709,23711,
23716	23712,23713,23714,23715,6805,6817,6821,6824,6826,
23808	10797,17618,17999,27222,29146,30837,33361,39533,48290,
23851	28196,3004,47904,9170,
23852	28196,3004,47904,9170,
23950	7704,
23983	13123,23984,23985,23986,
23985	13123,23983,23984,23986,
23986	13123,23983,23984,23985,
24084	14561,22200,24082,24083,24085,
24122	22220,24121,24123,24124,24125,24126,24127,24128,24129,24130,
24123	22220,24121,24122,24124,24125,24126,24127,24128,24129,24130,
24126	22220,24121,24122,24123,24124,24125,24127,24128,24129,24130,
24301	24299,24300,24302,24303,
24302	1954,24299,24300,24301,24303,
24332	
24333	
24357	21610,
24358	24359,
24370	17036,15050,154,17034,24236,26112,
24372	24371,15050,17036,18153,24188,24219,26112,42940,48792,
24397	10494,16644,17468,18425,30435,43877,49527,
24400	24398,13108,16644,17468,1750,18425,43862,49527,49922,
24414	24412,24413,24406,24407,24408,24409,24410,24411,24420,
24415	24411,24410,16306,24407,24408,24409,24420,39892,40774,5236,
24416	24411,24410,16306,24407,24408,24409,24420,39892,40774,5236,
24417	24411,24410,16306,24407,24408,24409,24420,39892,40774,5236,
24418	24411,24410,16306,24407,24408,24409,24420,39892,40774,5236,
24419	24421,24406,24411,16306,24407,24408,24409,24410,24420,
24675	18001,26419,2712,45466,45689,45694,
24690	101,28605,45387,6632,9997,
24724	20283,20288,20325,20348,24780,
24747	1013,30213,34187,
24857	
24859	25537,25538,25541,25646,49015,
24862	1918,23542,33063,40633,43593,48538,
24865	1534,14729,1611,
24868	19161,19167,20554,24879,27837,41335,
24876	19550,22604,24951,44853,49467,7458,
24897	1357,18127,24012,33033,33257,46770,
24899	24811,26807,32516,32574,41559,
24907	1266,1272,1276,1283,19149,21620,8014,
24922	24880,24926,45879,7458,
24923	7458,
24934	
24942	20008,24814,24981,7458,
24943	10313,24947,47093,48700,
24952	11600,15761,16274,16643,16650,21722,23966,35085,7404,8514,
24971	24790,24797,24917,
24987	9170,
24990	25537,25538,25541,25646,49015,
24991	22603,31381,4114,46616,47826,518,7871,
24995	24067,
24997	2797,
25002	35612,7458,
25010	24962,49929,
25014	120,12357,181,182,185,192,30620,30656,49969,95,
25351	12639,29249,32391,33151,33443,47445,8666,
25431	
25432	
25645	25605,25624,25625,25635,25647,25655,25660,25688,
25658	14867,3142,
25680	25537,25547,25556,25564,25571,25581,25587,25609,25616,
25876	25747,
25889	25747,25810,
25933	10153,25936,15003,25931,25932,25935,25937,27686,28048,8633,
25934	10153,25936,15003,25931,25932,25935,25937,27686,28048,8633,
2625	19017,20590,2233,2501,2534,25967,2601,27913,4981,5130,
26482	26484,26486,26490,26483,26488,26489,26491,26492,
26484	26482,2608,26486,26487,26488,26489,26490,26491,26492,
26485	26483,26487,26486,26488,26489,26490,26491,26492,
26489	26482,26483,26484,26485,26486,26487,26488,26490,26491,26492,
26490	26482,26486,26483,26484,26485,26488,26489,26491,26492,
26491	26482,26483,26484,26485,26486,26487,26488,26489,26490,26492,
26496	12053,21464,26495,26497,26498,26499,26500,26501,26502,
26498	21464,26494,26495,26496,26497,26499,26500,26501,26502,30113,
26547	26546,26545,26548,26550,8301,8962,8964,
26612	15379,41401,41663,6587,
26614	26613,26615,26616,
26615	26613,26614,26616,
26655	26654,26656,
26709	13362,14487,20062,21776,24249,24454,30990,
26710	13362,14487,20062,21776,24249,24454,30990,
26711	26715,21776,
26712	26713,26714,26715,
26713	26712,26715,11244,14877,15689,21190,21759,47499,575,9950,
26714	26712,26715,21776,
26716	24293,42479,10541,12528,30121,3450,48293,4835,48571,
26721	26723,26722,26726,26733,26724,24278,26731,48571,
26735	27951,26737,11913,11917,25434,27939,49119,49138,8955,
26737	26735,27951,36486,36487,36488,36489,36491,36495,
26744	26738,26739,26740,26741,26742,26743,9608,9629,
26842	26843,26844,26845,26846,26847,26848,26849,3831,628,7981,
26861	26851,26852,26853,26854,26855,26856,26857,26858,26859,26860,
2723	43699,
2725	2724,
2726	2724,
27349	11577,23190,27250,27268,27288,27300,27309,27379,
27631	27663,35438,7785,
27634	27576,27627,7785,
27642	13166,1458,20960,30144,34161,34536,34933,4717,49584,7785,
27645	27542,27643,10185,27543,27578,27663,27678,27681,7785,
27658	27552,7785,
27674	1366,20216,27625,34913,35661,40844,7785,
27819	26853,27816,27851,20098,22847,45926,
27845	26853,27771,27774,27793,
27851	26853,27816,27819,20098,22847,45926,
27854	26853,25910,27781,27786,27788,27793,32764,42969,8027,
27859	26853,27742,
28216	28213,28214,28215,28217,28218,44374,
28217	28213,28214,28215,28216,28218,44374,
2839	2833,2834,2835,2836,2837,2838,2840,2841,2842,
2842	2833,2834,2835,2836,2837,2838,2839,2840,2841,
28496	28389,28447,48051,
28518	29891,31265,36237,39761,8337,8714,
28874	28872,28865,28866,28867,28868,28869,28871,28873,28875,
28875	28865,28866,28867,28868,28869,28870,28871,28872,28873,28874,
28904	28894,28895,28896,28897,28898,28899,28900,28901,28902,28903,
2893	20471,28972,3736,43428,450,48224,48243,6108,
29423	
29424	
29569	29078,29817,
29570	
29571	
29681	13557,13573,13585,26486,29680,29682,29683,29684,29685,81,
29682	14594,14604,14609,26486,29680,29681,29683,29684,29685,3412,
29683	29685,26486,29680,29681,29682,
29684	26486,13575,29680,29681,29682,
29865	1245,1485,44505,6181,6198,
29897	29895,29896,
29995	29898,29982,30030,29954,30031,
29996	29983,29898,29982,30030,29954,30031,
29997	29983,29898,29962,29980,29982,30030,29954,30031,
29998	29983,29898,29962,29980,29982,30030,29954,30031,
30003	12633,42075,8667,
30022	12248,12291,29898,29910,29913,
30026	30028,29898,29962,29980,29982,30030,29954,30031,
30028	29984,30026,29962,29980,29898,29983,29982,30030,29954,30031,
30080	14501,30078,30079,30081,30082,30083,
30203	2860,2861,11561,28559,29012,7665,
30206	30204,2843,2854,32402,2873,2875,2887,30205,47756,
30389	12388,13073,13349,14264,15985,35919,37833,
30438	30472,4708,4713,4875,
30467	23430,29816,31275,32401,5940,
30468	12599,14277,2554,43238,47663,47674,5776,
30494	18927,18928,30492,30493,
30495	20445,23003,44766,49575,8687,
30497	30496,30498,
30498	20445,23003,30497,44766,49575,8687,
30501	30503,30513,30518,30519,23473,30500,30507,30509,30514,9553,
30502	23473,30500,30507,30509,30514,9553,
30512	30503,30513,30518,30519,23473,30500,30507,30509,30514,9553,
30521	30518,30519,23473,30500,30507,30509,30514,9553,
30522	14441,37981,48706,6054,6062,6094,7343,
30525	11039,2865,
30527	30528,30529,30530,30531,30532,30533,
30529	30527,30528,30530,30531,30532,30533,
30746	24100,37972,37997,38089,38092,38093,
30763	14400,2648,27312,30870,33453,36383,39948,8353,
30768	30569,35353,47685,5093,5936,
30890	14797,19909,23200,27312,30870,45057,6042,7444,910,
30898	30812,13536,21961,25619,25992,30870,30876,30884,30914,7599,
30912	10469,20567,21166,21208,30719,36027,4264,5231,6934,
30914	30812,30870,30884,30898,
31029	30993,30996,31026,31039,31062,39567,920,
31331	1428,32387,6976,
31418	2017,2052,43490,49023,4210,43405,48737,
31441	27808,42364,6021,6045,6061,
31457	13572,17469,17476,41856,43244,43268,43354,44914,4640,8501,
31469	13481,13501,31370,7599,
31471	31475,31474,31477,31478,22274,31476,31479,
31474	31475,31480,22274,31471,31476,31477,47190,
315	18535,2370,32042,38731,47566,7085,
31813	14318,18597,19821,19851,25718,30413,556,
31814	31817,31816,556,
320	13570,318,319,321,322,323,324,325,
32094	32051,32095,32097,32287,
32095	32051,32094,32287,
32104	11714,11744,
32110	1453,32005,32046,
32116	1110,28258,30305,32074,40999,41517,4408,9573,
32150	21858,7174,7177,7970,8959,8976,
32153	8980,
32172	32005,32118,
32177	20283,20300,20307,20325,40358,
32197	32075,32112,32192,32212,32213,
322	318,319,320,321,323,324,325,
32206	32005,32022,32113,32133,32140,32189,32195,32216,
32208	25157,2524,30305,32141,33977,42861,48689,6298,
32219	16621,23040,35137,
32226	11181,11213,12667,20304,21417,21840,25196,30741,45603,8989,
32229	15088,21308,28263,29490,30693,34278,6043,
32256	32167,
32268	
32269	
32281	30305,
32287	32051,32094,32095,32097,
32291	30305,32005,32040,
32296	32031,32087,32092,32183,32210,32237,32242,
32297	22609,25070,25086,342,
324	318,319,320,321,322,323,325,
32428	32518,32578,3282,37981,
32431	17847,20826,24334,3873,4038,46361,9083,
32442	1392,32343,32432,32452,33026,33466,35560,40953,47747,
32446	10631,16336,25270,32343,38685,40242,
326	19885,40071,22943,2328,43040,43042,
327	333,19885,40071,22943,2328,334,43040,43042,
32829	24628,32743,32744,32749,32781,32826,32835,32837,42229,
32845	11190,2825,
32851	13160,1629,32788,32796,32856,35374,35768,4261,6958,7012,
32855	13160,1629,32788,32796,32856,35374,35768,4261,6958,7012,
32856	13160,1629,32788,32792,32851,32855,35374,35768,4261,7012,
330	331,335,333,19885,40071,22943,2328,334,43040,43042,
331	330,335,333,19885,40071,22943,2328,334,43040,43042,
33184	33177,33178,33179,33180,33181,33182,33183,33185,
33348	26949,26995,27566,30226,910,
33366	33262,33310,10267,24820,33256,33899,46013,
334	327,328,329,330,331,332,333,335,
335	329,330,331,19885,333,40071,334,
33626	22954,33550,33552,23070,33586,33654,33659,9891,
33642	14689,20273,33800,3685,39027,39045,39048,
33654	22954,23070,33550,33551,33552,33586,33625,33626,33659,9891,
3380	45521,10821,12413,12426,1421,45542,45700,
3382	10821,12413,12426,1421,3386,45521,45542,45700,
3383	12409,12416,12425,3381,3384,3385,12423,22159,3386,
3384	3385,3383,10821,1421,3386,45521,45542,45700,
3385	3384,3383,10821,1421,3386,45521,45542,45700,
3386	3381,14472,18118,21520,28725,3382,3383,3384,3385,
3388	10387,16380,25440,2608,32224,32590,3389,39797,9090,
34192	20561,32488,32768,8702,
34224	40997,
34271	29749,30064,30075,3245,34234,38123,38200,48538,49584,7279,
34465	17233,959,
34508	16174,20107,28047,33547,5576,9201,
34658	12330,14117,34141,34328,34517,
34664	22418,4396,4457,
34682	27877,33760,34393,34406,49917,
34770	
34773	
34865	34866,34867,34868,34869,34870,34871,34873,34874,829,
34868	34865,34866,34867,34869,34870,34871,34872,34873,34874,829,
34869	34865,34866,34867,34868,34870,34871,34872,34873,34874,829,
34872	34866,34867,34868,34869,34870,34871,34873,34874,829,
34996	1784,18841,35624,
35270	35176,35224,35225,35228,35233,44566,
35272	16539,30254,30714,36635,6979,
35312	32627,13622,25191,29809,5985,8223,
35313	35316,35315,35317,35318,35319,35320,35321,35322,35323,35324,
35314	35315,35317,35318,35319,35320,35321,35322,35323,35324,
35316	35313,35315,35317,35318,35319,35320,35321,35322,35323,35324,
35320	35318,32627,35323,35313,35314,35316,35317,35319,35324,
35322	35318,32627,35323,35313,35314,35316,35317,35319,35324,
35526	23357,32117,35525,35527,35528,35529,35530,35531,35533,
35529	23357,35525,35526,35527,35528,35530,35531,35532,35533,
35534	13394,41417,41425,48436,49743,49758,7714,
35536	35535,35537,35538,35539,35540,35541,35542,
35537	35535,35536,35538,35539,35540,35541,35542,
35538	35535,35536,35537,35539,35540,35541,35542,
35539	35535,35536,35537,35538,35540,35541,35542,
35540	35535,35536,35537,35538,35539,35541,35542,
35541	35535,35536,35537,35538,35539,35540,35542,
35620	11600,1823,27597,30305,32169,35584,38753,42659,43730,47582,
35651	32638,
3567	28296,28919,7318,8186,
3569	10402,19078,202,3482,3518,3549,43501,43754,
35700	25765,30214,8986,8987,8996,8998,
3571	3572,3573,3574,3575,3576,3577,3578,
3572	3571,3573,3574,3575,3576,3577,3578,
35736	19137,194,20482,20510,20551,35227,35772,42001,
35769	18313,35595,35693,35762,35790,
35777	14134,26911,33466,35678,
3579	29904,29909,29928,29943,29975,30029,3581,3582,
3580	11114,12700,12853,20770,30032,6513,
3581	3579,3582,
35813	18575,23542,23568,23615,24866,35548,49226,
35846	40654,
35849	34931,9800,
36102	32342,38286,
36104	32342,38286,
36105	32342,38286,
36106	32342,38286,
36107	32342,38286,
36108	36103,36109,
36109	36108,32342,38286,
36225	11843,13338,21900,28517,42831,42832,49352,
36311	10337,16235,24381,
36313	36312,36314,36315,36316,36317,
36314	10337,16235,24381,36313,36315,36316,36317,
36315	36312,36313,36314,36316,36317,
36316	36312,36313,36314,36315,36317,
36317	36312,36313,36314,36315,36316,
36452	13124,36447,36448,36449,36450,36451,
36633	21501,26270,29789,34808,34828,4415,45975,6241,9012,
36792	17288,37427,
36844	18964,36739,36921,37143,37471,37818,
37214	10028,36737,37073,37113,37125,44065,44078,44092,
37232	1135,18964,36979,36988,37035,37561,37588,41886,44087,
37307	10012,18964,36738,36810,36816,37109,37295,44250,
37309	36762,
37327	36775,36853,36976,37050,37190,37354,37573,
37468	36843,36886,37113,38483,44208,44225,
37477	36931,36950,37422,37561,44070,44545,
37555	23273,37002,37405,39344,41920,6679,
37562	17200,37502,37818,38472,38512,38513,38519,38534,38537,44159,
37646	36945,37032,37095,37105,37109,37742,38509,44149,44559,
37685	10009,13804,36676,36689,37099,37174,37708,38474,39370,
37741	
37745	36839,
37775	36978,37411,37603,44149,
37821	37720,
37826	10064,37122,39240,44099,44173,
38031	109,13368,15531,35452,40996,5148,5177,5182,
38035	27680,37945,37987,37988,37994,38030,
38042	38018,
38043	26164,37945,
38072	21197,25157,37945,38029,
38077	
38087	37945,37975,37989,38112,
38106	
38108	38012,38070,47804,
38116	17456,38117,38118,38119,38120,38121,38122,5972,
38118	38119,38121,5972,17456,38116,38117,38122,
38403	
38404	
38405	
38406	
38407	
38408	38444,38445,38446,38451,38455,38453,38452,
38409	
38410	
38411	
38412	38452,
38413	38453,38452,
38414	38453,38452,
38415	38459,38456,38458,38455,38453,38452,
38416	38457,38456,38458,38455,38453,38452,
38417	38457,38456,38458,38455,38453,38452,
38418	38457,38456,38458,38455,38453,38452,
38419	38457,38456,38458,38455,38453,38452,
38420	38457,38456,38458,38455,38453,38452,
38421	38457,38456,38458,38455,38453,38452,
38422	38459,38457,38456,38458,38455,38453,38452,
38423	38459,38457,38456,38458,38455,38453,38452,
38424	38454,38459,38457,38456,38458,38455,38453,38452,
38425	38454,38459,38457,38456,38458,38455,38453,38452,
38426	38454,38459,38457,38456,38458,38455,38453,38452,
38427	38454,38459,38457,38456,38458,38455,38453,38452,
38428	38454,38459,38457,38456,38458,38455,38453,38452,
38429	38454,38459,38457,38456,38458,38455,38453,38452,
38430	38454,38459,38457,38456,38458,38455,38453,38452,
38431	38454,38459,38457,38456,38458,38455,38453,38452,
38432	38454,38459,38457,38456,38458,38455,38453,38452,
38433	38454,38459,38457,38456,38458,38455,38453,38452,
38434	38454,38459,38457,38456,38458,38455,38453,38452,
38435	38454,38459,38457,38456,38458,38455,38453,38452,
38437	38466,38454,38459,38457,38456,38458,38455,38453,38452,
38438	38466,38454,38459,38457,38456,38458,38455,38453,38452,
38439	38466,38454,38459,38457,38456,38458,38455,38453,38452,
38440	38466,38454,38459,38457,38456,38458,38455,38453,38452,
38441	38454,38459,38457,38456,38458,38455,38453,38452,
38442	38466,38454,38459,38457,38456,38458,38455,38453,38452,
38470	573,
38471	573,
38699	11234,11245,48651,
38700	38701,38702,
38727	14301,20853,30325,38733,
38733	14301,20853,30325,38727,
38853	38734,38744,4521,
38925	14996,15004,15011,22010,38924,38927,38928,
38926	14996,15004,15011,22010,38924,38927,38928,
39015	16421,22115,22154,24203,27825,37168,387,46137,762,
39020	22397,39019,39021,39022,39023,
39093	10737,1613,16804,20080,3133,318,87,
39094	1768,18228,34234,
39145	42991,1778,20694,
39147	39146,39148,39155,1778,39152,42991,
39148	39146,39147,39149,39150,39154,39155,39152,39153,
39150	39153,39148,39155,42991,1778,39152,
39151	39153,39152,42991,1778,20694,
39153	39150,39151,39146,1778,39148,39152,39155,42991,
39154	39148,39152,39155,1778,42989,42992,42993,42994,42997,
39228	18275,11449,1605,34371,48807,48866,5869,
39345	18548,36972,37325,39290,39312,39339,44221,
39354	10084,36733,36863,37078,37519,39271,39346,
39355	39232,39317,44025,
39360	39295,39369,44217,
39477	39473,39474,39475,39476,39478,39479,39480,855,
39596	14361,16340,22532,26448,48776,546,8635,
39598	39609,39618,39607,39617,39597,39599,
39601	39611,39613,39614,39615,39616,39604,39617,39618,39597,39599,
39602	39600,39604,39606,39608,39607,39616,39597,39599,
39732	17971,39730,39731,39733,39734,39735,39736,9983,
39733	17971,39730,39731,39732,39734,39735,39736,9983,
3980	1814,24787,26960,
39855	39844,39846,39856,39894,39909,39912,39923,40024,
39879	15384,17183,17207,39773,39778,39785,39805,39824,39856,39975,
39910	10622,17180,9983,
39932	1388,18355,20140,20175,20192,
39981	39769,39798,39892,
400	399,401,403,409,410,405,406,
40000	13003,17176,17197,39966,41531,
40017	15817,38125,40944,5165,
40049	3232,40050,40051,40052,
40050	3232,40049,4206,
40052	3232,40049,4206,
401	17383,400,17384,17385,17386,405,406,
40188	22663,10319,12388,
40190	22663,10319,12388,
40193	38946,17207,30208,33231,46505,
40194	40195,40196,40197,40198,
40195	40194,40196,40197,40198,
40198	40194,40195,40196,40197,
40230	16333,27711,
4026	3873,3948,4051,8593,
4042	37838,3899,3965,3985,4023,4027,4052,4255,6802,9201,
40516	35549,36750,
40518	40517,
40573	19350,26821,29139,32073,32342,
40575	40576,19350,26821,29139,32073,32342,
40576	40575,40578,40574,
40577	40574,
40578	40576,19350,26821,29139,32073,32342,
40617	38004,40612,40614,40615,40616,40618,40619,40620,
40657	1357,32042,40654,40655,40656,40658,
40729	15364,17286,39753,39762,40292,9983,
40737	40736,40738,40739,40740,
40741	10613,17206,27552,37848,41400,48463,49128,9612,
40744	40743,40742,
40745	10613,17206,40742,48463,9612,
40942	10643,40941,40943,
40993	40995,
41082	30630,30677,7012,9891,
41090	17616,28533,47663,
41091	42793,42794,42797,42806,42808,
41107	1680,23906,32496,40612,40997,45607,47762,6634,7078,918,
41127	39975,41291,
41128	10971,18010,19115,20097,40053,
41152	10723,30165,45462,
41155	13693,13709,17721,26079,29078,38881,42614,4590,47670,
41164	
41175	
41178	39243,
41180	10797,15983,20569,29003,41182,49353,7024,7551,7660,
41181	15990,28651,33210,
41183	19439,30691,35861,39104,7764,
412	10328,10445,20824,35404,44900,44904,5441,6789,
41227	41225,41226,41228,
4126	21417,38962,7650,
41266	41272,18566,41265,41267,41268,41269,41270,
41324	22097,
41327	41329,39633,41328,41331,41332,41333,
41329	41327,39633,41328,41331,41332,41333,
41330	39633,41328,41331,41332,41333,
41331	24745,24765,39633,40878,41327,41328,41329,41330,41333,
41333	39633,41327,41328,41329,41330,41331,41332,
414	411,413,
41404	35861,41401,41403,
41479	10652,18451,33370,33375,33377,33382,33435,33450,7816,
41489	1129,32626,33432,
41500	11840,13801,22242,24693,24951,7458,
41505	21867,25914,27632,32831,42219,
41545	15856,15872,30077,8511,
41546	11536,
41575	21429,25264,35613,40118,40814,
41577	10758,24565,29197,47335,47340,
41586	33749,33764,33778,33779,33758,33763,33777,44849,48342,
41593	41408,
41604	40240,40262,40282,
41623	15113,15706,15710,20396,25084,32471,3750,3751,4534,
41666	44767,44770,44792,
41673	20546,24101,
41710	18372,18408,18413,18451,22596,
41715	19904,22268,29556,30275,40705,40715,40716,43250,49075,
41913	11107,1431,17150,18841,29144,35374,40788,910,
41936	41826,41842,41862,
41945	910,
41954	27643,40383,910,
41956	15715,21193,28731,35383,41797,41906,
41957	10082,37226,37266,37688,38542,39242,39273,41642,44141,910,
4216	14991,15409,3908,4075,4119,
42358	42245,7334,7385,
42361	19263,
42375	24712,25166,29858,42245,43048,43429,8706,
42401	42245,
42404	33075,42245,42388,
42513	13276,31966,47447,47663,47674,
42518	12342,14746,14924,16718,23118,23966,36116,39127,43179,
42612	42613,42614,42615,42616,42617,42618,42619,42620,
42616	42612,42613,42614,42615,42617,42618,42619,42620,
42618	42612,42613,42614,42615,42616,42617,42619,42620,
42620	42612,42613,42614,42615,42616,42617,42618,42619,
42783	10709,13280,18800,22300,24526,
4290	20857,22168,23969,23973,3965,4022,4023,4027,4255,
42937	17821,544,
42939	13613,20068,24205,24236,29434,29602,695,784,797,
42941	42940,42942,42943,42944,
42942	13613,29602,42940,42941,42944,695,
42946	1664,1809,18418,18420,18425,18539,23430,42947,43354,
42947	1664,1809,18418,18420,18425,18539,42946,
42996	42994,42991,42992,42993,42995,42997,42998,42999,43000,
4305	3873,3879,3970,3999,4061,4094,4214,4244,4263,
43055	34087,43026,
4310	3304,3315,3319,3327,3328,3332,3336,
43151	1110,134,17048,
43168	19996,43142,43144,43149,
4322	32456,
43255	2680,43288,43369,43373,8536,
43327	14538,14542,17477,18953,18956,21928,24563,25815,28033,
43337	17161,29817,29868,43162,43196,43253,43258,4935,9170,
43362	10315,16630,17435,18304,20259,20486,34157,43144,43158,7459,
43379	17046,25150,27913,43160,
43436	11707,3733,3754,3757,9107,9114,9126,
43469	12657,134,1465,1754,35582,40303,40472,41506,45308,49559,
43475	134,1538,17048,43149,43153,43197,43256,43491,
43479	1161,19474,46678,47445,48207,
43487	43163,43221,43455,43534,43613,
43491	134,1538,17048,43149,43153,43197,43256,43475,
43500	11401,16663,17090,20190,8702,8721,
43524	43463,43534,43557,43578,
43576	16941,210,25166,39761,43129,43381,43423,43506,49942,
43579	2690,40965,43129,43218,43382,43527,49942,9171,
43591	43217,43239,43321,43463,43484,43557,43583,43616,
43631	20060,28968,32597,33302,33955,33988,40533,40848,42150,48685,
43632	11958,18176,22188,29868,43605,8667,8863,
43664	
43665	43666,
43666	43665,
43691	2544,43692,43693,43694,
43694	2544,43691,43692,43693,
43826	15858,43734,43753,43791,43812,43816,43830,43833,
43834	43703,43704,43734,43739,43788,43797,43812,43817,43830,
44023	44021,44022,44024,44025,44026,44027,
44134	44218,
44166	44050,
44170	
44174	44103,44110,
44217	23279,36729,36731,36862,36869,39295,39360,39369,41233,44111,
44226	44135,
44439	25269,29898,
44568	44564,44565,44566,44567,44569,
44569	44564,44565,44566,44567,44568,
44652	44651,
44653	26107,11017,13236,17444,26095,5226,
44657	44656,44658,44654,44662,44663,44660,44661,44664,
44658	44657,44662,26107,44664,11017,13236,17444,26095,44660,5226,
44659	44654,44661,26107,44664,44660,
44660	44654,44655,44656,44657,44658,44659,44661,44662,44663,44664,
44662	44658,44654,44655,44656,44657,44661,44664,26107,44660,
44664	44654,44658,44659,44661,44662,26107,44655,44656,44657,44660,
44733	
44734	
44737	44736,44738,44739,44740,44741,44742,44743,44744,44745,44746,
44741	44736,44738,44739,44740,44744,44745,44737,44742,44746,
44742	44736,44737,44738,44739,44740,44741,44743,44744,44745,44746,
44745	44736,44738,44739,44740,44741,44744,44737,44742,44746,
44752	4269,44753,
44754	
44755	
44799	12370,44795,44796,44797,44798,44800,
4492	4396,
45174	16906,33020,41430,41447,41490,48447,49538,5232,7713,8563,
45312	17556,2819,28345,3155,34838,45199,47656,
45317	14996,21151,35063,
45321	14996,45261,45236,4687,4688,
45347	45343,45355,22025,25151,45341,45342,45349,45351,45352,45356,
45421	21240,21628,23215,33103,47186,566,8523,
45430	13028,1421,1772,17844,2929,35189,6934,
45620	3304,3315,3328,3332,3336,3350,3371,3378,
45646	11190,15124,19080,2544,31411,31454,38389,42958,44474,
45671	21514,21722,45497,49786,
45676	3376,3377,45410,
45680	10884,14818,14833,14834,14835,14836,23997,37976,6574,9953,
45704	45705,45706,45707,45708,45709,8154,
45711	20648,21137,45710,
45962	45870,1458,
45969	45870,45875,45924,45948,45970,
45970	45870,45875,45924,45948,45969,
46034	16479,39014,46030,46031,46032,46033,46036,46038,5818,
46035	16479,39014,46030,46031,46032,46033,46036,46038,5818,
46037	16479,39014,46030,46031,46032,46033,46036,46038,5818,
46139	12622,2703,
46151	46039,46042,46046,46147,
46152	46039,46126,7571,
46159	33749,33767,49577,6979,
46161	27069,46039,46044,46061,46096,
46450	10635,13160,1507,16540,40093,
46451	46459,16596,10635,
46452	46459,10605,13160,1507,16540,17584,37838,40810,6639,
46454	46459,16596,10635,
46457	16596,10635,40093,
46458	46459,16596,10635,
46460	46459,16596,10635,
46461	16596,10635,40093,
46462	16596,10635,40093,
46463	46488,16596,10635,40093,
46464	16596,10635,40093,
46465	16596,10635,40093,
46466	16596,10635,40093,
46467	46488,16596,10635,40093,
46468	16596,10635,40093,
46469	16596,10635,40093,
46470	16596,10635,40093,
46471	10635,13160,1507,16540,40093,
46472	46459,16596,10635,
46473	16596,10635,40093,
46474	16596,10635,40093,
46475	46488,10635,13160,1507,16540,40093,
46476	46490,46488,16596,10635,40093,
46477	16596,10635,40093,
46478	16596,10635,40093,
46479	46488,46459,16596,10635,
46480	16596,10635,40093,
46481	46488,46459,16596,10635,
46482	46485,46490,46488,16596,10635,40093,
46483	16596,10635,40093,
46484	16596,10635,40093,
46485	46482,46459,16596,10635,
46486	16596,10635,40093,
46487	16596,10635,40093,
46488	46463,46467,46475,46476,46479,46481,46482,16596,10635,40093,
46489	16596,10635,40093,
46490	46476,46482,16596,10635,40093,
46495	21106,21859,27103,3952,4272,45121,46341,
46856	43048,46960,45825,48907,48918,
46967	14156,31265,
47153	47084,47115,47166,47167,47168,
47451	10342,20422,30827,31855,32986,45280,
47455	47454,10342,20422,30827,31855,32986,
47456	47454,10342,20422,30827,31855,32986,
47457	47452,47454,10342,20422,30827,31855,
47493	23534,35880,
47494	47495,
47495	11377,1342,13877,23507,23535,35863,40976,47437,47494,
475	317,323,476,9374,9375,
47800	
47801	
47802	18135,18539,47803,909,
47989	1933,
47991	1933,
47992	1933,
47993	1933,
47995	1933,
47996	1933,
47997	48006,47994,48005,1933,
47998	1933,
47999	1933,
480	
48000	48018,1933,
48003	1933,
48004	48010,48011,48015,48016,48017,48019,48018,1933,
48007	48006,47994,48005,1933,
48008	48001,47994,48005,1933,
48009	48006,48002,48001,47994,48005,1933,
48010	48004,48006,48002,48001,47994,48005,1933,
48011	48004,48006,48002,48001,47994,48005,1933,
48012	48002,48001,47994,48005,1933,
48013	48015,48016,48017,48019,48002,48018,48001,48005,1933,
48014	48015,48016,48017,48019,48018,48002,48001,47994,48005,1933,
48015	48013,48014,48004,48002,48001,48006,47994,48005,1933,
48016	48013,48014,48004,48002,48001,48006,47994,48005,1933,
48017	48013,48014,48004,48002,48001,48006,47994,48005,1933,
48018	48000,48013,48014,48004,48002,48001,48006,47994,48005,1933,
48019	48013,48014,48004,48002,48001,48006,47994,48005,1933,
481	
48271	11879,20424,28050,31978,31989,42458,49399,7248,
48279	21966,48273,48274,48275,48276,48277,48278,
48280	21966,48273,48274,48275,48276,48277,48278,
48283	15020,29215,43814,22267,24330,48282,48284,48286,48288,
48320	18175,18209,18186,18190,18193,18197,18200,18212,18215,48319,
48419	13562,48321,48324,48334,48348,48350,48375,48377,48392,
48428	48321,48431,1401,48432,49954,
48431	48321,48428,1401,48417,
48433	48321,48331,48339,48436,
48505	48507,
48506	
48507	48505,
4853	
4854	4855,
4855	4854,
48558	42613,48555,48556,48557,48559,48560,48561,48562,48563,48564,
48559	42613,48555,48556,48557,48558,48560,48561,48562,48563,48564,
48888	20829,23626,29463,48805,48845,48874,48876,48895,48900,48913,
48893	15966,32682,
48917	20728,36291,38315,48860,48938,
48933	10303,15490,33368,33570,35071,38315,48805,48824,7803,9572,
49071	38893,14266,3888,38906,39856,40403,40808,41974,
49078	10652,4561,
49079	10652,4561,
49297	
49298	
49299	
49300	
49301	
49302	
49303	49304,49309,
49304	49303,
49305	
49306	
49307	
49308	
49309	49303,
49310	12011,15708,39633,49033,
49312	49318,49311,49313,49315,49316,49319,49320,49321,49322,
49313	49311,49312,49314,49315,49316,49317,49318,49320,49321,49322,
49314	49317,49311,49313,49315,49316,49319,49320,49321,49322,
49317	49314,49311,49313,49315,49316,49319,49320,49321,49322,
49318	49312,49311,49313,49315,49316,49319,49320,49321,49322,
49319	49311,49312,49314,49315,49316,49317,49318,49320,49321,49322,
49397	26300,14004,15896,21703,21709,23099,35919,48270,
49400	15918,49398,49399,
49438	17446,42774,7430,
49439	17446,49437,
49440	18051,29095,42714,49437,6121,
49513	13773,18130,26144,26146,49511,49512,49514,49515,
49514	13773,18130,26144,26146,49511,49512,49513,49515,
49517	1809,
49525	49519,49520,49521,49522,49523,49524,
49526	24399,7297,
49527	16644,17468,18425,24397,24398,24400,49528,49529,49530,
49528	49527,49529,49530,
49529	11594,23214,49527,49528,49530,7240,
49530	49527,49528,49529,
49654	17644,18294,24064,48021,
49660	49568,49615,49619,49620,49757,49539,49564,
49717	40633,49531,1081,23077,48354,49534,49743,49763,49969,
49733	1920,30913,31818,31859,31865,31880,31885,31931,6802,
49737	13202,14770,23819,26848,26849,26871,29390,33416,
49741	25061,3789,46039,49697,
49749	24106,28644,44256,49748,
49754	1692,25401,27249,27299,29519,41073,
49989	49896,
49990	10265,1083,1280,1287,13073,32476,32477,32485,40999,49716,
5361	5344,5262,5276,43700,44386,
5366	5262,5276,43700,44386,
5408	14855,17059,18460,22450,42895,5283,5389,5396,82,
5801	1426,5797,5798,5799,5800,5802,
5802	1426,5797,5798,5799,5800,5801,
6020	15068,18058,33316,3548,39125,448,46505,
642	40093,
643	649,40093,
644	654,40093,
646	654,40093,
647	649,654,40093,
648	645,650,649,654,
649	643,647,648,650,40093,654,
650	645,648,649,654,
651	653,655,654,40093,
652	654,40093,
653	651,655,654,40093,
655	651,653,654,40093,
6593	12725,19108,22871,23737,23747,27028,32788,40837,
7090	11162,11237,11238,11240,31463,
7093	11231,
7098	
7099	
7610	
7621	
7622	1301,7242,7537,7577,7603,
7625	7634,
7632	
7634	7625,
7636	18835,
7643	1301,5667,5670,5684,7517,7552,7569,7571,
7658	7671,7688,
7671	7658,
7687	
7688	7658,
7689	
7707	1301,7242,7537,7577,7603,
7709	1301,40941,7565,
777	693,753,805,
781	759,789,829,34617,670,768,787,
782	656,759,768,825,
7825	11717,11767,23782,36388,6536,7712,
7832	13962,15308,35861,7712,
787	768,776,34864,670,693,759,781,789,791,825,
8112	11756,1617,32419,5171,5267,8514,
8113	8116,8120,11756,5267,8114,8121,
8114	8113,8115,8116,8117,8118,8119,8120,8121,
8117	8118,8120,11756,5267,8114,8116,8121,
8118	8115,8117,8119,1617,5171,8114,8120,8121,
8119	8118,8120,11756,5267,8114,8116,8121,
8121	8113,8114,8115,8116,8117,8118,8119,8120,
818	1708,29592,825,
8230	8122,
827	25471,37882,
828	698,768,
832	24217,24228,24250,656,740,
836	10424,21528,23297,23951,29596,36559,371,728,
8398	8268,8344,8351,
841	840,850,852,849,851,
843	847,840,850,25269,30987,43692,849,851,
844	847,850,852,849,851,
845	847,840,850,852,849,851,
846	847,840,850,852,849,851,
847	842,843,844,845,846,840,849,850,851,852,
848	840,850,852,849,851,
8558	8556,8557,8559,8560,8561,8562,8563,
8561	8556,8557,8558,8559,8560,8562,8563,
860	10881,14439,46041,
862	10881,14439,46041,863,
863	861,862,
864	
865	870,
866	874,
867	870,
868	870,
869	
870	865,867,868,872,873,874,
871	874,
872	870,
873	874,870,
874	866,871,873,870,
875	
876	
877	
878	
879	
880	576,
8936	254,8931,8932,8933,8934,8935,8937,
8938	13306,21732,27386,35523,40702,47350,
8939	8942,8940,8945,13306,21732,27386,35523,40702,47350,
8941	8943,8944,8940,
8942	8939,8940,8943,8944,
8945	8946,8939,8940,8943,8944,
8946	8945,8943,8944,8940,
8950	8948,8949,8951,8952,8953,8954,8955,8956,8957,8958,
9016	9018,9020,9021,317,9022,9023,
9017	9018,9020,9021,317,9022,9023,
9018	9016,9017,317,9023,
9019	9022,317,9023,
9020	9021,9016,9017,9022,317,9023,
9021	9020,9016,9017,9022,317,9023,
9022	9019,9020,9021,317,9016,9017,9023,
924	11860,15416,2409,43748,439,45881,6995,
9297	9299,9300,
9298	12527,28302,
930	928,929,931,932,933,
9300	9297,9299,
931	928,929,930,932,933,
9987	9992,13134,13478,13877,34299,34485,34642,37941,
9988	35667,
9989	9992,13134,13478,13877,34299,34485,34642,37941,
9990	13134,13478,13877,34299,34485,34642,37941,
9991	9993,9994,9992,13134,13478,13877,34299,34485,34642,37941,
9992	9987,9989,35667,9991,
9993	9991,13134,13478,13877,34299,34485,34642,37941,
9994	9991,13134,13478,13877,34299,34485,34642,37941,
